# Created by Octave 5.1.0, Sun Jan 19 10:31:55 2020 GMT <unknown@LAPTOP-3PMB4R61>
# name: data
# type: matrix
# rows: 768
# columns: 9
 8 85 55 20 0 24.399999999999999 0.13600000000000001 42 0
 1 112 80 45 132 34.799999999999997 0.217 24 0
 2 155 74 17 96 26.600000000000001 0.433 27 1
 7 142 90 24 480 30.399999999999999 0.128 43 1
 5 108 72 43 75 36.100000000000001 0.26300000000000001 33 0
 0 162 76 36 0 49.600000000000001 0.36399999999999999 26 1
 2 111 60 0 0 26.199999999999999 0.34300000000000003 23 0
 0 102 75 23 0 0 0.57199999999999995 21 0
 7 196 90 0 0 39.799999999999997 0.45100000000000001 41 1
 4 173 70 14 168 29.699999999999999 0.36099999999999999 33 1
 2 81 72 15 76 30.100000000000001 0.54700000000000004 25 0
 2 94 68 18 76 26 0.56100000000000005 21 0
 4 183 0 0 0 28.399999999999999 0.21199999999999999 36 1
 11 111 84 40 0 46.799999999999997 0.92500000000000004 45 1
 9 102 76 37 0 32.899999999999999 0.66500000000000004 46 1
 7 114 76 17 110 23.800000000000001 0.46600000000000003 31 0
 2 112 86 42 160 38.399999999999999 0.246 28 0
 7 195 70 33 145 25.100000000000001 0.16300000000000001 55 1
 2 105 75 0 0 23.300000000000001 0.56000000000000005 53 0
 4 189 110 31 0 28.5 0.68000000000000005 37 0
 0 131 88 0 0 31.600000000000001 0.74299999999999999 32 1
 0 105 68 22 0 20 0.23599999999999999 22 0
 0 128 68 19 180 30.5 1.391 25 1
 3 128 78 0 0 21.100000000000001 0.26800000000000002 55 0
 1 97 66 15 140 23.199999999999999 0.48699999999999999 22 0
 4 116 72 12 87 22.100000000000001 0.46300000000000002 37 0
 5 116 74 29 0 32.299999999999997 0.66000000000000003 35 1
 2 127 46 21 335 34.399999999999999 0.17599999999999999 22 0
 4 118 70 0 0 44.5 0.90400000000000003 26 0
 1 109 60 8 182 25.399999999999999 0.94699999999999995 21 0
 3 173 78 39 185 33.799999999999997 0.96999999999999997 31 1
 5 130 82 0 0 39.100000000000001 0.95599999999999996 37 1
 2 100 66 20 90 32.899999999999999 0.86699999999999999 28 1
 1 83 68 0 0 18.199999999999999 0.624 27 0
 7 133 84 0 0 40.200000000000003 0.69599999999999995 37 0
 3 89 74 16 85 30.399999999999999 0.55100000000000005 38 0
 12 121 78 17 0 26.5 0.25900000000000001 62 0
 11 155 76 28 150 33.299999999999997 1.353 51 1
 3 111 62 0 0 22.600000000000001 0.14199999999999999 21 0
 2 114 68 22 0 28.699999999999999 0.091999999999999998 25 0
 8 110 76 0 0 27.800000000000001 0.23699999999999999 58 0
 3 193 70 31 0 34.899999999999999 0.24099999999999999 25 1
 3 148 66 25 0 32.5 0.25600000000000001 22 0
 2 100 54 28 105 37.799999999999997 0.498 24 0
 3 141 0 0 0 30 0.76100000000000001 27 1
 2 74 0 0 0 0 0.10199999999999999 22 0
 9 122 56 0 0 33.299999999999997 1.1140000000000001 33 1
 2 68 62 13 15 20.100000000000001 0.25700000000000001 23 0
 5 73 60 0 0 26.800000000000001 0.26800000000000002 27 0
 10 115 0 0 0 0 0.26100000000000001 30 1
 4 123 62 0 0 32 0.22600000000000001 35 1
 1 130 70 13 105 25.899999999999999 0.47199999999999998 22 0
 11 136 84 35 130 28.300000000000001 0.26000000000000001 42 1
 0 117 66 31 188 30.800000000000001 0.49299999999999999 22 0
 4 103 60 33 192 24 0.96599999999999997 33 0
 10 94 72 18 0 23.100000000000001 0.59499999999999997 56 0
 1 128 88 39 110 36.5 1.0569999999999999 37 1
 0 101 76 0 0 35.700000000000003 0.19800000000000001 26 0
 0 167 0 0 0 32.299999999999997 0.83899999999999997 30 1
 0 93 60 0 0 35.299999999999997 0.26300000000000001 25 0
 8 154 78 32 0 32.399999999999999 0.443 45 1
 8 124 76 24 600 28.699999999999999 0.68700000000000006 52 1
 9 119 80 35 0 29 0.26300000000000001 29 1
 3 112 74 30 0 31.600000000000001 0.19700000000000001 25 1
 14 175 62 30 0 33.600000000000001 0.21199999999999999 38 1
 3 113 44 13 0 22.399999999999999 0.14000000000000001 22 0
 8 120 78 0 0 25 0.40899999999999997 64 0
 9 165 88 0 0 30.399999999999999 0.30199999999999999 49 1
 2 75 64 24 55 29.699999999999999 0.37 33 0
 1 100 66 15 56 23.600000000000001 0.66600000000000004 26 0
 1 130 60 23 170 28.600000000000001 0.69199999999999995 21 0
 0 123 72 0 0 36.299999999999997 0.25800000000000001 52 1
 10 115 98 0 0 24 1.022 34 0
 7 187 50 33 392 33.899999999999999 0.82599999999999996 34 1
 12 100 84 33 105 30 0.48799999999999999 46 0
 2 100 68 25 71 38.5 0.32400000000000001 26 0
 2 128 78 37 182 43.299999999999997 1.224 31 1
 11 103 68 40 0 46.200000000000003 0.126 42 0
 0 107 60 25 0 26.399999999999999 0.13300000000000001 23 0
 8 197 74 0 0 25.899999999999999 1.1910000000000001 39 1
 5 128 80 0 0 34.600000000000001 0.14399999999999999 45 0
 6 125 78 31 0 27.600000000000001 0.56499999999999995 49 1
 0 180 90 26 90 36.5 0.314 35 1
 13 158 114 0 0 42.299999999999997 0.25700000000000001 44 1
 0 125 68 0 0 24.699999999999999 0.20599999999999999 21 0
 3 129 64 29 115 26.399999999999999 0.219 28 1
 2 155 52 27 540 38.700000000000003 0.23999999999999999 25 1
 4 132 0 0 0 32.899999999999999 0.30199999999999999 23 1
 3 174 58 22 194 32.899999999999999 0.59299999999999997 36 1
 6 144 72 27 228 33.899999999999999 0.255 40 0
 3 158 76 36 245 31.600000000000001 0.85099999999999998 28 1
 5 158 70 0 0 29.800000000000001 0.20699999999999999 63 0
 7 161 86 0 0 30.399999999999999 0.16500000000000001 47 1
 6 134 80 37 370 46.200000000000003 0.23799999999999999 46 1
 5 139 80 35 160 31.600000000000001 0.36099999999999999 25 1
 8 125 96 0 0 0 0.23200000000000001 54 1
 13 153 88 37 140 40.600000000000001 1.1739999999999999 39 0
 5 147 78 0 0 33.700000000000003 0.218 65 0
 2 117 90 19 71 25.199999999999999 0.313 21 0
 4 151 90 38 0 29.699999999999999 0.29399999999999998 36 0
 10 162 84 0 0 27.699999999999999 0.182 54 0
 1 168 88 29 0 35 0.90500000000000003 52 1
 3 102 44 20 94 30.800000000000001 0.40000000000000002 26 0
 3 83 58 31 18 34.299999999999997 0.33600000000000002 25 0
 5 121 72 23 112 26.199999999999999 0.245 30 0
 0 198 66 32 274 41.299999999999997 0.502 28 1
 2 99 70 16 44 20.399999999999999 0.23499999999999999 27 0
 7 133 88 15 155 32.399999999999999 0.26200000000000001 37 0
 1 122 64 32 156 35.100000000000001 0.69199999999999995 30 1
 8 65 72 23 0 32 0.59999999999999998 42 0
 6 134 70 23 130 35.399999999999999 0.54200000000000004 29 1
 1 126 56 29 152 28.699999999999999 0.80100000000000005 21 0
 4 99 72 17 0 25.600000000000001 0.29399999999999998 28 0
 10 101 86 37 0 45.600000000000001 1.1359999999999999 38 1
 2 112 68 22 94 34.100000000000001 0.315 26 0
 1 143 86 30 330 30.100000000000001 0.89200000000000002 23 0
 3 171 72 33 135 33.299999999999997 0.19900000000000001 24 1
 2 127 58 24 275 27.699999999999999 1.6000000000000001 25 0
 9 89 62 0 0 22.5 0.14199999999999999 33 0
 1 180 0 0 0 43.299999999999997 0.28199999999999997 41 1
 1 164 82 43 67 32.799999999999997 0.34100000000000003 50 0
 1 80 55 0 0 19.100000000000001 0.25800000000000001 21 0
 2 94 76 18 66 31.600000000000001 0.64900000000000002 23 0
 0 78 88 29 40 36.899999999999999 0.434 21 0
 1 97 70 40 0 38.100000000000001 0.218 30 0
 9 57 80 37 0 32.799999999999997 0.096000000000000002 41 0
 8 100 74 40 215 39.399999999999999 0.66100000000000003 43 1
 2 108 62 32 56 25.199999999999999 0.128 21 0
 3 169 74 19 125 29.899999999999999 0.26800000000000002 31 1
 4 171 72 0 0 43.600000000000001 0.47899999999999998 26 1
 12 140 85 33 0 37.399999999999999 0.24399999999999999 41 0
 7 187 68 39 304 37.700000000000003 0.254 41 1
 1 100 66 29 196 32 0.44400000000000001 42 0
 8 183 64 0 0 23.300000000000001 0.67200000000000004 32 1
 2 71 70 27 0 28 0.58599999999999997 22 0
 5 122 86 0 0 34.700000000000003 0.28999999999999998 33 0
 7 181 84 21 192 35.899999999999999 0.58599999999999997 51 1
 4 120 68 0 0 29.600000000000001 0.70899999999999996 34 0
 12 151 70 40 271 41.799999999999997 0.74199999999999999 38 1
 0 104 64 37 64 33.600000000000001 0.51000000000000001 22 1
 7 194 68 28 0 35.899999999999999 0.745 41 1
 1 0 74 20 23 27.699999999999999 0.29899999999999999 21 0
 3 84 68 30 106 31.899999999999999 0.59099999999999997 25 0
 4 142 86 0 0 44 0.64500000000000002 22 1
 4 136 70 0 0 31.199999999999999 1.1819999999999999 22 1
